[618,658,701,730,749,765,771,781,780,760,763,745,717,684,658,623,588,553,520,489,457,430,397,365,325,285,242,212,187,172,157,151,162,167,174,190,214,253,279,311,339,379,410,441,476,510,537,570,614,647,686,711,732,747,748,757,754,751,736,716,694,677,642,598]
[379,347,307,266,228,196,177,165,161,163,171,166,181,203,237,258,298,331,365,405,437,465,502,531,558,588,630,668,700,728,746,752,759,753,745,739,726,708,674,640,604,574,539,505,470,438,408,377,347,317,278,237,205,178,158,153,142,138,133,155,178,201,229,258]
[643,607,575,546,513,481,449,425,394,351,311,268,237,209,194,183,181,187,192,194,212,240,266,294,324,361,397,427,456,488,519,545,578,625,661,697,729,750,767,773,787,782,771,763,741,718,694,658,624,589,557,520,489,462,423,389,366,319,288,256,217,195,181,160]
[340,371,403,435,469,501,530,559,589,636,671,706,738,753,774,768,774,774,762,749,729,712,681,646,611,578,546,509,481,455,419,392,356,305,274,225,203,180,167,154,151,157,170,185,205,232,265,291,325,357,390,419,452,488,518,544,583,633,664,704,720,740,754,768]
[208,228,257,299,326,358,389,430,463,498,531,564,588,624,653,690,717,744,760,770,779,780,768,750,732,706,679,649,609,574,542,507,472,441,402,376,348,314,270,235,204,181,168,162,163,168,169,179,198,226,258,289,322,356,390,426,463,489,514,539,565,600,648,686]
[738,700,657,625,586,547,509,473,440,414,383,360,336,288,258,223,207,195,196,190,199,215,236,258,284,318,354,391,430,468,504,539,569,601,622,648,679,724,749,771,793,805,803,806,802,794,774,738,705,671,646,607,565,527,488,449,422,389,357,328,302,267,244,210]
[445,412,386,356,317,291,250,222,193,180,166,162,161,157,173,203,229,258,289,330,367,404,439,474,510,543,574,601,629,658,695,720,750,772,778,778,780,771,755,736,715,683,650,618,580,538,500,461,425,399,367,339,311,284,237,208,184,166,150,146,151,160,181,192]
[262,229,200,177,160,158,160,172,189,205,221,250,287,332,362,401,444,480,513,551,580,611,641,670,693,730,756,768,776,782,779,769,749,735,714,684,654,606,565,525,490,456,424,390,359,337,308,274,234,210,177,162,150,151,150,156,170,195,221,254,287,327,365,404]
[669,710,746,759,774,779,783,783,776,754,736,707,671,644,605,568,532,499,468,438,407,383,350,312,274,242,206,185,173,164,159,171,181,192,209,238,275,311,344,376,413,449,479,508,543,575,598,640,671,704,735,749,760,762,771,766,763,740,715,692,667,626,591,550]
[462,489,519,554,577,614,655,690,718,741,763,773,787,790,775,763,746,727,702,672,638,600,566,533,497,466,437,406,375,340,297,250,220,194,175,169,159,160,166,181,193,219,252,280,311,346,382,414,448,479,514,546,574,611,654,686,715,738,754,768,782,779,772,752]
[654,621,586,554,522,492,457,431,402,360,317,285,244,221,210,202,198,200,202,208,227,254,281,310,348,385,422,453,490,517,547,573,603,646,677,726,753,772,791,801,804,797,787,777,762,739,701,666,634,601,566,534,498,469,435,402,371,332,300,266,232,209,200,184]
[253,217,191,174,169,161,160,164,186,205,233,262,292,322,357,389,422,456,484,523,553,583,622,668,699,729,751,764,771,776,766,755,745,729,706,671,638,604,572,543,506,470,436,405,374,337,311,267,230,201,179,172,159,149,152,154,177,195,228,253,279,316,351,389]
[719,690,656,617,582,548,516,482,449,414,383,344,313,272,242,222,212,197,193,207,215,228,251,278,307,340,375,409,443,477,507,540,571,602,632,673,705,740,771,790,803,813,811,800,793,775,759,729,698,664,631,598,562,528,498,465,436,406,365,321,284,248,225,205]
[245,267,290,329,368,403,433,467,503,535,567,595,630,667,705,733,760,773,779,779,775,770,759,743,713,682,652,617,582,546,515,480,449,413,386,352,316,283,243,210,197,174,162,154,160,174,189,203,225,254,285,323,353,388,424,453,486,516,554,584,627,668,699,725]
[503,536,563,590,622,660,705,735,759,770,778,778,778,770,759,745,715,697,665,618,587,552,516,483,455,418,385,356,319,274,231,202,184,171,164,168,171,176,188,208,235,265,298,327,361,397,427,464,493,524,555,586,624,660,690,731,742,760,770,778,776,765,741,720]
[551,580,612,657,702,737,757,774,785,786,790,786,773,758,727,695,664,632,596,559,525,488,458,426,394,366,337,297,257,222,197,178,162,157,155,164,182,194,215,249,278,314,349,382,413,450,482,511,540,572,609,649,687,723,744,755,765,774,767,760,752,736,709,679]
[166,159,172,195,205,227,255,295,325,355,389,423,451,484,519,547,580,623,655,703,727,747,763,769,777,775,767,760,736,715,691,651,613,577,544,513,477,450,414,388,359,315,274,239,203,183,165,157,148,152,163,168,185,215,248,279,309,346,386,421,453,489,526,539]
